0 0.6807142859375 0.8539999999999999 0.6799999999999999 0.844 0.6757142859374999 0.837 0.6799999999999999 0.753 0.6728571421875 0.727 0.6378571421875 0.7070000000000001 0.635 0.6950000000000001 0.6342857140625 0.65 0.5471428578124999 0.654 0.5457142859374999 0.762 0.548571428125 0.8150000000000001 0.546428571875 0.825 0.5478571421875 0.8380000000000001 0.5542857140625 0.852 0.5621428578125001 0.86 0.5664285718750001 0.8789999999999999 0.5714285718750001 0.884 0.62 0.89 0.6257142859375 0.883 0.625 0.877 0.63 0.8640000000000001 0.6371428578125 0.866 0.6407142859375 0.858 0.67 0.8619999999999999 0.6778571421875 0.858 0.6807142859375 0.8539999999999999
0 0.768571428125 0.8390000000000001 0.7721428578125 0.829 0.7721428578125 0.8150000000000001 0.7842857140625 0.772 0.765 0.761 0.758571428125 0.762 0.7421428578125 0.754 0.7357142859375 0.747 0.7271428578125 0.752 0.7207142859375 0.747 0.6835714281249999 0.746 0.6771428578124999 0.766 0.6757142859374999 0.786 0.6778571421875 0.836 0.6828571421875 0.851 0.6771428578124999 0.89 0.6792857140625 0.893 0.688571428125 0.889 0.7107142859375 0.891 0.7692857140625 0.867 0.7721428578125 0.861 0.768571428125 0.8390000000000001
0 0.8807142859375 0.755 0.8757142859375 0.74 0.8807142859375 0.732 0.8800000000000001 0.7230000000000001 0.8771428578125 0.71 0.8728571421875 0.706 0.8421428578124999 0.6950000000000001 0.8228571421875 0.6799999999999999 0.8114285718750001 0.6769999999999999 0.796428571875 0.6809999999999999 0.758571428125 0.682 0.725 0.689 0.7192857140625 0.6950000000000001 0.718571428125 0.724 0.721428571875 0.741 0.7278571421875 0.742 0.745 0.755 0.7628571421875 0.758 0.7864285718749999 0.771 0.7821428578125 0.784 0.776428571875 0.7889999999999999 0.7728571421875 0.807 0.775 0.8099999999999999 0.7728571421875 0.828 0.78 0.836 0.78 0.85 0.7878571421875 0.857 0.7921428578125 0.8710000000000001 0.7992857140625 0.876 0.8007142859374999 0.881 0.8078571421875 0.883 0.8321428578125 0.8800000000000001 0.835 0.875 0.8457142859375001 0.8720000000000001 0.8607142859374999 0.852 0.8657142859375 0.852 0.8671428578124999 0.8390000000000001 0.875 0.825 0.875 0.756 0.8807142859375 0.755
0 0.9978571421875 0.8240000000000001 0.991428571875 0.817 0.988571428125 0.714 0.991428571875 0.705 0.988571428125 0.7 0.9742857140625001 0.6950000000000001 0.8514285718749999 0.673 0.8278571421875001 0.675 0.8228571421875 0.6809999999999999 0.8428571421875001 0.6950000000000001 0.8571428578125 0.697 0.863571428125 0.7030000000000001 0.8671428578124999 0.701 0.878571428125 0.7110000000000001 0.8800000000000001 0.721 0.8771428578125 0.7230000000000001 0.8757142859375 0.738 0.878571428125 0.747 0.8757142859375 0.751 0.8800000000000001 0.764 0.883571428125 0.766 0.8771428578125 0.778 0.875 0.8039999999999999 0.8771428578125 0.8240000000000001 0.8821428578124999 0.825 0.89 0.836 0.8792857140624999 0.852 0.8842857140625 0.859 0.9 0.857 0.9221428578124999 0.8630000000000001 0.9421428578125 0.8390000000000001 0.9492857140625001 0.852 0.9592857140625 0.853 0.9978571421875 0.8240000000000001
0 1 0.505 0.9978571421875 0.504 0.9492857140625001 0.505 0.9492857140625001 0.513 0.9457142859375001 0.518 0.9457142859375001 0.537 0.9078571421875001 0.537 0.9042857140624999 0.541 0.8992857140625 0.5690000000000001 0.8985714281250001 0.616 0.9071428578124999 0.632 0.9078571421875001 0.646 0.9121428578125 0.647 0.915 0.658 0.9607142859375 0.661 0.9778571421875 0.6719999999999999 0.9821428578125 0.663 0.9907142859375 0.666 1 0.6639999999999999 1 0.505
0 0.8578571421875001 0.635 0.8878571421875 0.632 0.89 0.629 0.8892857140625001 0.5980000000000001 0.8857142859374999 0.591 0.8707142859375001 0.589 0.8642857140625001 0.58 0.8628571421875 0.5650000000000001 0.8728571421875 0.561 0.8728571421875 0.557 0.853571428125 0.545 0.793571428125 0.542 0.7849999999999999 0.5509999999999999 0.7835714281249999 0.602 0.7857142859375 0.622 0.7971428578124999 0.638 0.8078571421875 0.646 0.8107142859375 0.647 0.8157142859375 0.641 0.8542857140625 0.647 0.8578571421875001 0.635
0 0.798571428125 0.538 0.8257142859375 0.54 0.8307142859375001 0.525 0.8307142859375001 0.503 0.8185714281250001 0.493 0.781428571875 0.488 0.738571428125 0.492 0.7357142859375 0.496 0.733571428125 0.532 0.7357142859375 0.536 0.7671428578125 0.538 0.7771428578124999 0.542 0.7821428578125 0.549 0.798571428125 0.538
0 0.6892857140624999 0.483 0.6914285718750001 0.47800000000000004 0.6978571421875001 0.481 0.6978571421875001 0.47300000000000003 0.6907142859375 0.46799999999999997 0.688571428125 0.45099999999999996 0.6828571421875 0.44699999999999995 0.61 0.44699999999999995 0.596428571875 0.445 0.593571428125 0.438 0.581428571875 0.434 0.5242857140625 0.43499999999999994 0.5192857140625 0.441 0.5207142859375 0.485 0.518571428125 0.499 0.5207142859375 0.506 0.5457142859374999 0.512 0.5478571421875 0.518 0.5528571421875 0.519 0.5650000000000001 0.514 0.6842857140625 0.518 0.688571428125 0.508 0.6892857140624999 0.483
0 0.726428571875 0.454 0.731428571875 0.446 0.7342857140625 0.43499999999999994 0.733571428125 0.41 0.725 0.404 0.7 0.399 0.6742857140625 0.40499999999999997 0.6757142859374999 0.417 0.6807142859375 0.425 0.6942857140625 0.429 0.7 0.43499999999999994 0.7 0.44299999999999995 0.7135714281250001 0.45599999999999996 0.726428571875 0.454
0 1 0.38 0.9949999999999999 0.376 0.988571428125 0.377 0.985 0.371 0.9764285718749999 0.371 0.9478571421875 0.375 0.9357142859375 0.382 0.9142857140625 0.382 0.8828571421875001 0.39 0.8857142859374999 0.409 0.8807142859375 0.421 0.8821428578124999 0.43600000000000005 0.886428571875 0.449 0.8921428578124999 0.45499999999999996 0.8949999999999999 0.46799999999999997 0.893571428125 0.47800000000000004 0.8971428578125 0.481 0.9164285718749999 0.479 0.9221428578124999 0.483 0.9285714281249999 0.489 0.9257142859374999 0.504 0.9321428578125 0.511 0.9400000000000001 0.511 0.9492857140625001 0.502 0.9735714281250001 0.49800000000000005 1 0.5 1 0.38
0 0.9107142859374999 0.34500000000000003 0.9228571421874999 0.325 0.9207142859375 0.321 0.9221428578124999 0.303 0.918571428125 0.29900000000000004 0.9178571421875 0.302 0.8942857140625 0.304 0.8914285718749999 0.307 0.8907142859375 0.316 0.8800000000000001 0.325 0.8757142859375 0.363 0.8842857140625 0.39 0.9078571421875001 0.386 0.9135714281249999 0.38 0.9107142859374999 0.368 0.9107142859374999 0.34500000000000003
0 1 0.28700000000000003 0.9957142859375001 0.286 0.9828571421875001 0.288 0.9707142859375001 0.284 0.9464285718750001 0.29100000000000004 0.9442857140625 0.35 0.9807142859375 0.35 0.981428571875 0.335 0.985 0.329 1 0.32599999999999996 1 0.28700000000000003
0 0.5599999999999999 0.351 0.5642857140624999 0.348 0.5721428578125 0.325 0.5692857140625 0.315 0.561428571875 0.303 0.5564285718749999 0.302 0.506428571875 0.31 0.498571428125 0.308 0.4842857140625 0.318 0.4878571421875 0.34500000000000003 0.4971428578125 0.352 0.49928571406250005 0.365 0.5042857140625 0.372 0.5407142859375 0.372 0.5592857140625 0.362 0.5599999999999999 0.351
0 0.5021428578125 0.322 0.5057142859375 0.312 0.5192857140625 0.303 0.52 0.275 0.5157142859375 0.271 0.5078571421875 0.272 0.44428571406249995 0.29 0.4421428578125 0.29300000000000004 0.44285714218749994 0.33199999999999996 0.45857142812499996 0.33199999999999996 0.5021428578125 0.322
0 0.486428571875 0.628 0.4928571421875 0.588 0.49000000000000005 0.5820000000000001 0.4878571421875 0.557 0.47785714218750003 0.544 0.443571428125 0.5389999999999999 0.40571428593750003 0.5389999999999999 0.3842857140625 0.55 0.388571428125 0.584 0.3992857140625 0.5900000000000001 0.40714285781250004 0.611 0.406428571875 0.637 0.41285714218749997 0.638 0.4192857140625 0.65 0.431428571875 0.6559999999999999 0.46214285781250003 0.654 0.4707142859375 0.657 0.483571428125 0.647 0.4871428578125 0.638 0.486428571875 0.628
0 0.32999999999999996 0.5650000000000001 0.33214285781249997 0.568 0.32928571406249996 0.5589999999999999 0.336428571875 0.546 0.32142857187499996 0.53 0.2888092859375 0.5349999999999999 0.2557142859375 0.5309999999999999 0.2507142859375 0.5349999999999999 0.248571428125 0.545 0.25 0.583 0.253571428125 0.5860000000000001 0.29 0.5730000000000001 0.3192857140625 0.572 0.32999999999999996 0.5650000000000001
0 0.1578571421875 0.748 0.1792857140625 0.7230000000000001 0.183571428125 0.693 0.1828571421875 0.619 0.151428571875 0.615 0.1028571421875 0.616 0.0921428578125 0.626 0.0942857140625 0.658 0.0921428578125 0.665 0.08499999999999999 0.6679999999999999 0.083571428125 0.6769999999999999 0.0857142859375 0.683 0.095 0.692 0.1028571421875 0.6940000000000001 0.11000000000000001 0.705 0.111428571875 0.733 0.10928571406250001 0.741 0.11428571406250002 0.754 0.1307142859375 0.757 0.136428571875 0.767 0.1392857140625 0.767 0.14785714218749998 0.754 0.1578571421875 0.748
0 0.7557142859375 0.403 0.7571428578125 0.393 0.7521428578125 0.38 0.7557142859375 0.365 0.7521428578125 0.356 0.75 0.362 0.7442857140625 0.362 0.7357142859375 0.352 0.7221428578125 0.351 0.7028571421875001 0.355 0.6971428578125 0.369 0.7028571421875001 0.377 0.7207142859375 0.383 0.725 0.399 0.7557142859375 0.403
0 0.6607142859375 0.385 0.6721428578124999 0.40099999999999997 0.7271428578125 0.40099999999999997 0.725 0.39 0.721428571875 0.383 0.7078571421875 0.376 0.6842857140625 0.371 0.676428571875 0.356 0.6528571421875 0.352 0.6607142859375 0.385
0 0.748571428125 0.46299999999999997 0.773571428125 0.45999999999999996 0.7792857140625 0.454 0.778571428125 0.43200000000000005 0.7771428578124999 0.421 0.771428571875 0.422 0.7721428578125 0.414 0.768571428125 0.41100000000000003 0.758571428125 0.409 0.7528571421875 0.41200000000000003 0.75 0.40700000000000003 0.7371428578125 0.40499999999999997 0.733571428125 0.41200000000000003 0.736428571875 0.425 0.7321428578125 0.453 0.7371428578125 0.45999999999999996 0.748571428125 0.46299999999999997
0 0.7835714281249999 0.353 0.79 0.36 0.7978571421875 0.348 0.796428571875 0.333 0.7907142859375 0.323 0.778571428125 0.316 0.7471428578125 0.317 0.7392857140625 0.322 0.7371428578125 0.348 0.748571428125 0.352 0.7578571421875 0.34900000000000003 0.7728571421875 0.355 0.7778571421875 0.353 0.78 0.358 0.7835714281249999 0.353
0 0.623571428125 0.304 0.663571428125 0.306 0.673571428125 0.303 0.6742857140625 0.28300000000000003 0.6207142859375 0.273 0.6157142859375 0.286 0.616428571875 0.294 0.623571428125 0.304
0 0.748571428125 0.314 0.7628571421875 0.316 0.7678571421875 0.31 0.7678571421875 0.28900000000000003 0.7642857140625 0.269 0.7392857140625 0.259 0.7357142859375 0.25 0.6957142859375 0.242 0.6828571421875 0.251 0.6785714281249999 0.272 0.6778571421875 0.303 0.6842857140625 0.312 0.6821428578125001 0.329 0.686428571875 0.331 0.7 0.319 0.7150000000000001 0.32 0.748571428125 0.314
0 0.9571428578125 0.178 0.9728571421875 0.173 0.978571428125 0.16399999999999998 0.9778571421875 0.156 0.9742857140625001 0.134 0.971428571875 0.132 0.9464285718750001 0.134 0.9364285718750001 0.142 0.9192857140624999 0.144 0.9142857140625 0.134 0.9078571421875001 0.132 0.8907142859375 0.137 0.8892857140625001 0.158 0.893571428125 0.182 0.9092857140625 0.181 0.9171428578124999 0.186 0.9178571421875 0.191 0.9364285718750001 0.192 0.9407142859375 0.182 0.95 0.176 0.9571428578125 0.178
0 0.5742857140625001 0.196 0.5821428578125001 0.20800000000000002 0.623571428125 0.20400000000000001 0.6242857140625 0.174 0.615 0.16799999999999998 0.5857142859375 0.16999999999999998 0.575 0.179 0.5742857140625001 0.196
0 0.266428571875 0.33599999999999997 0.2728571421875 0.321 0.27928571406249997 0.317 0.2807142859375 0.29100000000000004 0.268571428125 0.27599999999999997 0.23714285781250002 0.258 0.2321428578125 0.251 0.208571428125 0.264 0.216428571875 0.29300000000000004 0.21857142812500002 0.292 0.2228571421875 0.304 0.22785714218750003 0.307 0.22999999999999998 0.304 0.23785714218749998 0.305 0.2478571421875 0.312 0.2521428578125 0.309 0.26 0.315 0.258571428125 0.32799999999999996 0.2628571421875 0.33599999999999997 0.266428571875 0.33599999999999997
0 0.0907142859375 0.6559999999999999 0.0907142859375 0.628 0.0992857140625 0.617 0.0992857140625 0.61 0.09642857187500001 0.605 0.08 0.602 0.058571428125000005 0.609 0.053571428125 0.616 0.0521428578125 0.634 0.0557142859375 0.648 0.053571428125 0.658 0.06999999999999999 0.673 0.071428571875 0.6849999999999999 0.0821428578125 0.6849999999999999 0.0821428578125 0.667 0.0907142859375 0.6559999999999999
0 0.0992857140625 0.876 0.1328571421875 0.8539999999999999 0.13571428593749998 0.85 0.1342857140625 0.8470000000000001 0.1 0.8300000000000001 0.091428571875 0.8300000000000001 0.050714285937500006 0.842 0.008571428124999999 0.8619999999999999 0.0007142859375 0.868 0.0007142859375 0.924 0.008571428124999999 0.9289999999999999 0.1 0.9359999999999999 0.10500000000000001 0.9269999999999999 0.1078571421875 0.9039999999999999 0.0992857140625 0.876
0 0.4971428578125 0.501 0.49928571406250005 0.47800000000000004 0.5021428578125 0.47400000000000003 0.498571428125 0.449 0.4721428578125 0.442 0.43499999999999994 0.442 0.43 0.49800000000000005 0.431428571875 0.5309999999999999 0.4842857140625 0.533 0.49000000000000005 0.506 0.4971428578125 0.501
0 0.33928571406249997 0.54 0.34785714218749997 0.54 0.3692857140625 0.522 0.371428571875 0.485 0.365 0.483 0.3578571421875 0.46699999999999997 0.3178571421875 0.462 0.281428571875 0.46299999999999997 0.2592857140625 0.47400000000000003 0.2571428578125 0.49800000000000005 0.27142857187499997 0.502 0.29357142812500003 0.528 0.3092857140625 0.528 0.33928571406249997 0.54
0 0.523571428125 0.296 0.5564285718749999 0.28900000000000003 0.5642857140624999 0.275 0.5650000000000001 0.258 0.5621428578125001 0.248 0.5578571421875 0.244 0.526428571875 0.24500000000000002 0.5221428578125 0.257 0.523571428125 0.296
0 0.5842857140625 0.266 0.6028571421875 0.263 0.608571428125 0.254 0.6071428578125 0.238 0.601428571875 0.23900000000000002 0.5892857140625 0.233 0.5678571421874999 0.23399999999999999 0.5657142859375 0.244 0.5671428578125 0.262 0.5842857140625 0.266
0 0.621428571875 0.27 0.6371428578125 0.269 0.64 0.256 0.6392857140625 0.221 0.6242857140625 0.215 0.6107142859375 0.215 0.608571428125 0.259 0.621428571875 0.27
0 0.8307142859375001 0.286 0.8328571421875001 0.282 0.8507142859375 0.272 0.846428571875 0.248 0.8357142859375 0.24300000000000002 0.8092857140625 0.254 0.8057142859375 0.259 0.8092857140625 0.269 0.8078571421875 0.28300000000000003 0.8171428578125 0.29 0.8321428578125 0.29100000000000004 0.8307142859375001 0.286
0 0.9285714281249999 0.28300000000000003 0.9328571421875 0.27 0.9378571421874999 0.265 0.9371428578125001 0.24700000000000003 0.9314285718749999 0.24100000000000002 0.9321428578125 0.231 0.9292857140624999 0.229 0.9014285718749999 0.23399999999999999 0.893571428125 0.24 0.878571428125 0.24300000000000002 0.8735714281250001 0.25 0.8721428578125 0.27599999999999997 0.8757142859375 0.281 0.8807142859375 0.279 0.8907142859375 0.284 0.9285714281249999 0.28300000000000003
0 0.9650000000000001 0.264 0.97 0.23399999999999999 0.9842857140625 0.23199999999999998 0.985 0.22400000000000003 0.9792857140625 0.217 0.978571428125 0.21000000000000002 0.945 0.22000000000000003 0.9421428578125 0.233 0.9428571421875 0.262 0.9650000000000001 0.264
0 0.838571428125 0.178 0.8421428578124999 0.16999999999999998 0.846428571875 0.16899999999999998 0.8457142859375001 0.162 0.8357142859375 0.151 0.816428571875 0.154 0.8150000000000001 0.173 0.8171428578125 0.19 0.838571428125 0.178
0 0.8821428578124999 0.183 0.8821428578124999 0.189 0.8878571421875 0.186 0.8878571421875 0.156 0.8821428578124999 0.154 0.8628571421875 0.16 0.8607142859374999 0.16799999999999998 0.8621428578125 0.178 0.8764285718749999 0.179 0.8821428578124999 0.183
0 0.5592857140625 0.18 0.575 0.179 0.5828571421875 0.17099999999999999 0.5828571421875 0.155 0.5742857140625001 0.153 0.5407142859375 0.158 0.5378571421875 0.161 0.5364285718749999 0.182 0.5407142859375 0.187 0.5521428578124999 0.19 0.5592857140625 0.18
0 0.3057142859375 0.329 0.3178571421875 0.331 0.33857142812499996 0.314 0.34500000000000003 0.3 0.325 0.281 0.315 0.279 0.3042857140625 0.282 0.3021428578125 0.286 0.3 0.311 0.3057142859375 0.329
0 0.2071428578125 0.304 0.208571428125 0.296 0.20428571406249998 0.282 0.2078571421875 0.275 0.20071428593750001 0.26 0.178571428125 0.262 0.1757142859375 0.269 0.17428571406249999 0.292 0.16999999999999998 0.301 0.17357142812499998 0.307 0.196428571875 0.309 0.2071428578125 0.304
0 0.1428571421875 0.28900000000000003 0.1442857140625 0.284 0.14785714218749998 0.286 0.14785714218749998 0.282 0.136428571875 0.274 0.1242857140625 0.27599999999999997 0.1207142859375 0.279 0.12 0.301 0.1328571421875 0.305 0.1378571421875 0.29 0.1428571421875 0.28900000000000003
0 0.0578571421875 0.301 0.078571428125 0.308 0.0957142859375 0.303 0.09714285781250001 0.286 0.0571428578125 0.279 0.053571428125 0.282 0.0521428578125 0.294 0.0578571421875 0.301
0 0.2828571421875 0.38 0.28571428593750003 0.379 0.29500000000000004 0.356 0.29285714218750003 0.352 0.27642857187500003 0.343 0.2478571421875 0.335 0.23785714218749998 0.348 0.23785714218749998 0.362 0.256428571875 0.387 0.2607142859375 0.382 0.2621428578125 0.373 0.268571428125 0.368 0.2778571421875 0.368 0.2828571421875 0.373 0.2828571421875 0.38
0 0.376428571875 0.42699999999999994 0.3742857140625 0.414 0.376428571875 0.379 0.3742857140625 0.376 0.3492857140625 0.368 0.3442857140625 0.38 0.3242857140625 0.379 0.3207142859375 0.382 0.318571428125 0.389 0.313571428125 0.39 0.3128571421875 0.395 0.3078571421875 0.398 0.3092857140625 0.445 0.32214285781249996 0.453 0.3257142859375 0.45999999999999996 0.32999999999999996 0.445 0.33714285781250003 0.43499999999999994 0.3742857140625 0.43200000000000005 0.376428571875 0.42699999999999994
0 0.393571428125 0.29500000000000004 0.40142857187500003 0.27799999999999997 0.40857142812499997 0.275 0.40857142812499997 0.254 0.376428571875 0.254 0.3642857140625 0.259 0.3557142859375 0.272 0.3557142859375 0.286 0.3621428578125 0.281 0.366428571875 0.28300000000000003 0.37 0.288 0.3692857140625 0.29500000000000004 0.376428571875 0.3 0.393571428125 0.29500000000000004
0 0.012142857812500001 0.5660000000000001 0.027142857812499997 0.554 0.04 0.521 0.038571428125 0.501 0.03 0.497 0.0007142859375 0.495 0.0007142859375 0.5660000000000001 0.012142857812500001 0.5660000000000001
0 0.27 0.44299999999999995 0.27 0.434 0.27642857187500003 0.425 0.27642857187500003 0.40700000000000003 0.2592857140625 0.399 0.241428571875 0.399 0.2342857140625 0.40800000000000003 0.233571428125 0.418 0.2392857140625 0.434 0.2392857140625 0.465 0.256428571875 0.47000000000000003 0.263571428125 0.46299999999999997 0.27 0.44299999999999995
0 0.071428571875 0.41100000000000003 0.0792857140625 0.398 0.0907142859375 0.388 0.09285714218749999 0.377 0.05500000000000001 0.377 0.0471428578125 0.393 0.0478571421875 0.40499999999999997 0.0528571421875 0.41 0.071428571875 0.41100000000000003
0 0.3821428578125 0.538 0.42785714218750004 0.5309999999999999 0.42928571406250005 0.487 0.426428571875 0.472 0.3778571421875 0.472 0.373571428125 0.495 0.3728571421875 0.5349999999999999 0.3821428578125 0.538
0 0.43642857187499995 0.40099999999999997 0.4328571421875 0.393 0.443571428125 0.387 0.443571428125 0.381 0.426428571875 0.368 0.3721428578125 0.373 0.3757142859375 0.382 0.376428571875 0.422 0.3807142859375 0.429 0.39714285781249997 0.43099999999999994 0.42571428593749994 0.425 0.43071428593750005 0.413 0.4357142859375 0.41100000000000003 0.43642857187499995 0.40099999999999997
0 0.268571428125 0.251 0.2971428578125 0.269 0.3042857140625 0.265 0.3042857140625 0.24500000000000002 0.301428571875 0.24 0.28428571406250003 0.236 0.27928571406249997 0.229 0.266428571875 0.231 0.268571428125 0.251
0 0.3871428578125 0.238 0.386428571875 0.22999999999999998 0.395 0.22000000000000003 0.3942857140625 0.21200000000000002 0.34785714218749997 0.21600000000000003 0.34571428593750003 0.21800000000000003 0.34500000000000003 0.236 0.383571428125 0.24100000000000002 0.3871428578125 0.238
0 0.766428571875 0.488 0.768571428125 0.491 0.825 0.492 0.825 0.47000000000000003 0.7978571421875 0.46299999999999997 0.7942857140624999 0.47000000000000003 0.7721428578125 0.46799999999999997 0.766428571875 0.47300000000000003 0.766428571875 0.488
0 0.8214285718750001 0.45 0.8242857140625001 0.42699999999999994 0.8300000000000001 0.414 0.8307142859375001 0.376 0.8107142859375 0.368 0.7607142859375 0.367 0.7528571421875 0.373 0.7542857140625 0.377 0.735 0.393 0.7342857140625 0.4 0.748571428125 0.404 0.753571428125 0.40199999999999997 0.771428571875 0.42000000000000004 0.77 0.425 0.7835714281249999 0.43600000000000005 0.7978571421875 0.438 0.7992857140625 0.44299999999999995 0.8214285718750001 0.45
0 0.8571428578125 0.47000000000000003 0.865 0.46299999999999997 0.8728571421875 0.44000000000000006 0.8735714281250001 0.397 0.8614285718750001 0.395 0.856428571875 0.381 0.8342857140625 0.383 0.8307142859375001 0.40099999999999997 0.8307142859375001 0.43200000000000005 0.8328571421875001 0.438 0.831428571875 0.45 0.838571428125 0.45599999999999996 0.8371428578125 0.46299999999999997 0.8571428578125 0.47000000000000003
0 0.4528571421875 0.386 0.47357142812499997 0.383 0.485 0.376 0.483571428125 0.369 0.4771428578125 0.358 0.448571428125 0.353 0.4421428578125 0.355 0.42928571406250005 0.341 0.40499999999999997 0.339 0.3978571421875 0.34199999999999997 0.39 0.352 0.393571428125 0.368 0.423571428125 0.367 0.4528571421875 0.386
0 0.42928571406250005 0.28300000000000003 0.43642857187499995 0.266 0.44428571406249995 0.257 0.44285714218749994 0.24500000000000002 0.43857142812500005 0.244 0.4328571421875 0.23399999999999999 0.41214285781250004 0.231 0.41 0.248 0.41285714218749997 0.262 0.411428571875 0.275 0.42928571406250005 0.28300000000000003