1 0.46917293281249994 0.8430034125000001 0.4721804515625 0.796928328125 0.4796992484375 0.36390785000000003 0.4872180453125 0.3498293515625 0.56691729375 0.3515358359375 0.577443609375 0.33959044375 0.6165413531249999 0.34470989687500003 0.6030075187499999 0.30204778125 0.5984962406250001 0.22866894218749997 0.613533834375 0.0870307171875 0.610526315625 0.0102389078125 0.6 0.013651876562500002 0.6030075187499999 0.046075085937499996 0.592481203125 0.0597269625 0.587969925 0.12286689375 0.568421053125 0.1262798640625 0.4736842109375 0.1040955625 0.4661654140625 0.0153583625 0.45563909843749995 0.0153583625 0.4526315796875 0.720704778125 0.446616540625 0.844709896875 0.4616541359375 0.8498293515625001 0.46917293281249994 0.8430034125000001
0 0.5383458640625001 0.662116040625 0.5443609015625 0.62286689375 0.5443609015625 0.55631399375 0.5323308265625 0.476109215625 0.5278195484375 0.48634812343749995 0.5248120296875001 0.6075085328125 0.5323308265625 0.7218430031249999 0.5413533828125 0.69795221875 0.5383458640625001 0.662116040625
0 0.5157894734374999 0.7133105796875 0.5172932328125001 0.47952218437500005 0.5142857140625 0.4675767921875 0.4857142859375 0.46075085312499997 0.4796992484375 0.476109215625 0.47669172968750007 0.744027303125 0.5052631578125 0.7491467578125001 0.5142857140625 0.73890785 0.5157894734374999 0.7133105796875
0 0 0.7235494874999999 0.0180451125 0.7286689421875 0.019548871875000002 0.7474402734375001 0.037593984375 0.73890785 0.049624059375 0.7491467578125001 0.16691729375 0.740614334375 0.20150375937499998 0.744027303125 0.22406014999999999 0.759385665625 0.23308270625 0.7508532421874999 0.2481203 0.7508532421874999 0.249624059375 0.755972696875 0.446616540625 0.7508532421874999 0.4586466171875 0.5802047781249999 0.4616541359375 0.45904436875 0.45563909843749995 0.45051194531250005 0.410526315625 0.4402730375 0.3939849625 0.45051194531250005 0.36090225625 0.45051194531250005 0.25864661718750004 0.48122866875000003 0.1699248125 0.45904436875 0.0902255640625 0.482935153125 0.004511278125 0.45733788437499995 0 0.45904436875 0 0.7235494874999999
0 0.6511278203125 0.5153583625 0.60902255625 0.575085325 0.6 0.6126279859375 0.6 0.67576791875 0.631578946875 0.6928327640624999 0.6526315796875 0.6928327640624999 0.6511278203125 0.5153583625
0 0.6571428578125 0.62286689375 0.6661654140625 0.643344709375 0.6706766921875 0.70477815625 0.6827067671875 0.7201365187500001 0.756390978125 0.7491467578125001 0.9383458640625 0.7474402734375001 0.9563909781250001 0.744027303125 0.9669172937500001 0.7269624578125 0.998496240625 0.7184300343750001 0.998496240625 0.45733788437499995 0.971428571875 0.464163821875 0.9563909781250001 0.450085325 0.95488721875 0.402730375 0.82706766875 0.3924914671875 0.7428571421875 0.397610921875 0.7112781953125 0.43515358437499996 0.7082706765625 0.4488054609375 0.6947368421875 0.4556314 0.6917293234375 0.48634812343749995 0.6646616546875 0.4726962453125 0.6601503765625 0.4778157 0.6571428578125 0.5153583625 0.6631578953124999 0.5324232078125 0.6646616546875 0.596701365625 0.6571428578125 0.62286689375
1 0.595488721875 0.8430034125000001 0.59699248125 0.5631399312500001 0.61503759375 0.5307167234375 0.61503759375 0.5 0.59699248125 0.4744027296875 0.5984962406250001 0.4069965875 0.6165413531249999 0.380546075 0.6180451125 0.3651877140625 0.6030075187499999 0.300341296875 0.5984962406250001 0.22866894218749997 0.613533834375 0.0853242328125 0.6120300750000001 0.017064846875 0.607518796875 0.0102389078125 0.601503759375 0.013651876562500002 0.587969925 0.098976109375 0.5849624062500001 0.27986348125 0.574436090625 0.3549488046875 0.5819548875 0.4146757671875 0.5714285718750001 0.844709896875 0.59097744375 0.8481228671875 0.595488721875 0.8430034125000001
1 0.595488721875 0.844709896875 0.5984962406250001 0.539249146875 0.592481203125 0.517064846875 0.5984962406250001 0.4709897609375 0.5984962406250001 0.3873720140625 0.5939849625 0.37713310624999996 0.5759398499999999 0.37542662187500003 0.5819548875 0.4146757671875 0.5714285718750001 0.844709896875 0.586466165625 0.8498293515625001 0.595488721875 0.844709896875
1 0.4676691734375 0.8464163828125001 0.4706766921875 0.8344709890625 0.47669172968750007 0.703071671875 0.4857142859375 0.1092150171875 0.4706766921875 0.0853242328125 0.4661654140625 0.017064846875 0.46315789531249996 0.011945392187499999 0.45563909843749995 0.0153583625 0.4586466171875 0.597269625 0.446616540625 0.8464163828125001 0.4586466171875 0.8498293515625001 0.4676691734375 0.8464163828125001
1 0.5248120296875001 0.37372013593750003 0.5187969921875 0.37542662187500003 0.5142857140625 0.7798634812499999 0.5263157890625 0.784982934375 0.5263157890625 0.38395904375 0.5248120296875001 0.37372013593750003
1 0.6676691734375 0.78327645 0.6571428578125 0.416382253125 0.6526315796875 0.37542662187500003 0.646616540625 0.3720136515625 0.64511278125 0.4692832765625 0.6511278203125 0.5056877140625 0.6571428578125 0.7798634812499999 0.6676691734375 0.78327645
1 0.6947368421875 0.464163821875 0.6842105265625 0.41808873750000003 0.6796992484375 0.4266211609375 0.6902255640625 0.7781569968750001 0.6932330828125 0.7866894203125 0.7007518796875 0.7866894203125 0.6947368421875 0.464163821875