0 0.7458847734375 0.62200956875 0.8045267484374999 0.6076555031249999 0.8045267484374999 0.5933014359375 0.779835390625 0.5279106859375 0.7757201640625 0.5326953750000001 0.73148148125 0.52472089375 0.7253086421875 0.511961721875 0.7253086421875 0.4928229671875 0.73148148125 0.48006379531250004 0.7047325109375 0.4625199359375 0.699588478125 0.4258373203125 0.683127571875 0.43540669843749996 0.6934156375 0.6634768734375001 0.7273662546875 0.658692184375 0.72942386875 0.642743221875 0.7458847734375 0.62200956875
0 0.6779835390625 0.5454545453125 0.6718107 0.54066985625 0.6676954734375 0.51355661875 0.6697530859375 0.45933014375000003 0.6656378593750001 0.422647528125 0.6584362140625 0.41626794218749996 0.59465020625 0.40510366875 0.5648148140625 0.392344496875 0.55761316875 0.3987240828125 0.5452674890625 0.43062200937500006 0.529835390625 0.441786284375 0.526748971875 0.45454545468749996 0.5061728390625 0.4513556625 0.5 0.46889952187499995 0.48868312812500003 0.47527910625 0.451646090625 0.467304625 0.44032921875 0.4720893140625 0.4362139921875 0.476874003125 0.43827160468750004 0.496012759375 0.4218107 0.5358851671875 0.3847736625 0.542264753125 0.38374485625 0.5629984046875001 0.4465020578125 0.6012759171875001 0.46707818906250004 0.6076555031249999 0.5164609046875 0.604465709375 0.529835390625 0.612440190625 0.5432098765625 0.6331738437500001 0.55967078125 0.641148325 0.608024690625 0.6570972890625 0.6687242796875 0.6650717703125 0.6718107 0.66028708125 0.67283950625 0.6204146734375 0.67078189375 0.5741626796875 0.6656378593750001 0.5598086125 0.6779835390625 0.5454545453125
0 0.8621399171874999 0.5358851671875 0.9022633750000001 0.5454545453125 0.9104938265625 0.5374800640624999 0.9084362140625 0.5199362046875 0.8734567906249999 0.49760765625000003 0.8600823046875 0.46889952187499995 0.8487654328125 0.46889952187499995 0.8456790125 0.460925040625 0.8405349796875001 0.460925040625 0.8261316875 0.4720893140625 0.8158436218749999 0.46411483281250004 0.8106995890625001 0.44497607656250004 0.796296296875 0.4513556625 0.7860082296875001 0.4465709734375 0.773456790625 0.4561403515625 0.723251028125 0.44816586875000003 0.71193415625 0.46570972812500006 0.7263374484375 0.4912280703125 0.7273662546875 0.511961721875 0.7325102875 0.52472089375 0.776748971875 0.5326953750000001 0.780864196875 0.5279106859375 0.7829218109375 0.4912280703125 0.817901234375 0.48325358906250004 0.8240740734375 0.48325358906250004 0.8333333328125001 0.496012759375 0.835390946875 0.51355661875 0.853909465625 0.5199362046875 0.8621399171874999 0.5358851671875
0 0.9104938265625 0.52472089375 0.911522634375 0.542264753125 0.9218107 0.5518341312499999 0.9218107 0.441786284375 0.9135802468750001 0.44816586875000003 0.9094650203124999 0.4433811796875 0.8837448562500001 0.44497607656250004 0.8724279828125001 0.4625199359375 0.853909465625 0.46411483281250004 0.8497942390625 0.47527910625 0.856995884375 0.476874003125 0.86728395 0.49760765625000003 0.8868312749999999 0.5199362046875 0.893004115625 0.5167464109375 0.9104938265625 0.52472089375
0 1 0.4720893140625 0.9876543203124999 0.46411483281250004 0.9763374484374999 0.438596490625 0.9444444437499999 0.44816586875000003 0.932098765625 0.45933014375000003 0.9290123453125 0.5151515156250001 0.933127571875 0.5534290265624999 0.94238683125 0.558213715625 0.9629629625 0.5518341312499999 0.9681069953125 0.5390749593749999 0.9855967078125 0.5326953750000001 0.988683128125 0.5390749593749999 1 0.5374800640624999 1 0.4720893140625
0 0.441358025 0.4736842109375 0.4465020578125 0.46889952187499995 0.4783950625 0.47049441718749996 0.4783950625 0.40031897968749997 0.4300411515625 0.387559809375 0.4218107 0.36682615625000004 0.363168725 0.3524720890625 0.3497942390625 0.403508771875 0.338477365625 0.4274322171875 0.338477365625 0.48325358906250004 0.3456790125 0.5518341312499999 0.3724279828125 0.577352471875 0.375514403125 0.5677830937499999 0.3878600828125 0.5709728875 0.386831275 0.5645933015625 0.4002057609375 0.5390749593749999 0.432098765625 0.534290271875 0.441358025 0.4736842109375
0 0.24794238750000003 0.511961721875 0.25 0.4896331734375 0.22839506250000002 0.4274322171875 0.22839506250000002 0.40031897968749997 0.220164609375 0.3859649125 0.20679012343749997 0.3795853265625 0.1872427984375 0.33971291875 0.1738683125 0.338118021875 0.1697530859375 0.3636363640625 0.165637859375 0.5295055828125 0.1676954734375 0.604465709375 0.17283950625 0.62200956875 0.19135802500000001 0.6267942578125 0.1954732515625 0.62200956875 0.19444444375 0.596491228125 0.202674896875 0.575757575 0.2139917703125 0.575757575 0.222222221875 0.596491228125 0.22942386875 0.5917065390625 0.22839506250000002 0.5837320578125 0.2366255140625 0.5741626796875 0.23148148124999998 0.558213715625 0.2335390953125 0.5263157890625 0.2366255140625 0.5183413078125 0.24794238750000003 0.511961721875
0 0.24897119375 0.47846890000000003 0.25 0.5183413078125 0.259259259375 0.5279106859375 0.26131687187499997 0.48325358906250004 0.2561728390625 0.476874003125 0.24897119375 0.47846890000000003
0 0.11419753125000001 0.6491228062500001 0.13271605 0.48006379531250004 0.1296296296875 0.457735246875 0.136831275 0.3173843703125 0.1296296296875 0.3094098890625 0.103909465625 0.31259968125 0.084362140625 0.30143540625 0.08230452656250001 0.291866028125 0.0925925921875 0.27591706562499996 0.0997942390625 0.27591706562499996 0.0997942390625 0.26794258437499996 0.0740740734375 0.22807017499999999 0.017489712499999997 0.20893141875 0.00102880625 0.20893141875 0.00102880625 0.6730462515625 0.059670781250000006 0.658692184375 0.09053497968749999 0.658692184375 0.097736625 0.66028708125 0.0997942390625 0.6666666671875 0.11419753125000001 0.6491228062500001
1 0.59465020625 0.2360446578125 0.613168725 0.23923445000000002 0.652263375 0.26953747968749997 0.6502057609375 0.264752790625 0.6028806578125 0.22009569375 0.588477365625 0.22009569375 0.588477365625 0.22966507187500002 0.59465020625 0.2360446578125
1 0.7427983546875 0.12918660312500002 0.7664609046875 0.102073365625 0.7716049375 0.09409888281249999 0.77057613125 0.08771929843750001 0.7654320984375 0.08133971250000001 0.758230453125 0.082934609375 0.7376543203125 0.102073365625 0.6820987656249999 0.2041467296875 0.6748971187499999 0.210526315625 0.6666666671875 0.1674641140625 0.6604938265625 0.0318979265625 0.65534979375 0.025518340625000004 0.6512345671875 0.03508771875 0.6604938265625 0.28389154687499996 0.6574074078125001 0.3253588515625 0.6738683125 0.7081339718749999 0.6748971187499999 0.7177033500000001 0.684156378125 0.72567783125 0.69238683125 0.7480063796875001 0.6965020578125001 0.7448165875 0.6965020578125001 0.735247209375 0.67078189375 0.22488038281249997 0.720164609375 0.14513556562500002 0.7427983546875 0.12918660312500002
1 0.1604938265625 0 0.15534979375 0.11483253593750001 0.124485596875 0.4944178625 0.1193415640625 0.5071770328125 0.1193415640625 0.52472089375 0.12654320937500002 0.550239234375 0.1224279828125 0.5645933015625 0.1100823046875 0.7496012765625 0.10905349843750001 0.7990430625 0.113168725 0.8118022328125001 0.13374485625000002 0.80701754375 0.1399176953125 0.7958532703125 0.144032921875 0.66028708125 0.1491769546875 0.6188197765625 0.1471193421875 0.5693779906249999 0.1594650203125 0.5295055828125 0.1543209875 0.44497607656250004 0.1574074078125 0.330143540625 0.161522634375 0.303030303125 0.16460905312500002 0.18181818125 0.17489711875 0.1052631578125 0.17695473281250002 0.0303030296875 0.17695473281250002 0 0.1604938265625 0
1 0.3600823046875 0.5821371609375 0.363168725 0.58692185 0.3713991765625 0.5805422640625 0.3693415640625 0.46570972812500006 0.3652263375 0.43062200937500006 0.3415637859375 0.4258373203125 0.335390946875 0.43221690625000003 0.36419753125 0.47846890000000003 0.3590534984375 0.531100478125 0.3600823046875 0.5821371609375